class_num=45 feat_num=44752


Confusion matrix for the test data:
row is the truth, column is the system output

		NNP comma CD NNS JJ MD VB DT NN IN . VBZ VBG CC VBD VBN RB TO PRP RBR WDT VBP RP PRP$ JJS POS `` EX '' WP : JJR WRB $ NNPS WP$ -LRB- -RRB- PDT RBS FW UH SYM LS # 
NNP 12736 0 6 52 109 0 13 7 133 2 0 3 15 0 1 5 3 0 1 0 0 2 0 0 0 0 0 0 0 0 0 0 0 0 95 0 0 0 0 0 0 0 0 0 0 
comma 0 7086 0 0 0 0 0 0 1 0 0 0 0 0 0 0 0 0 0 0 0 0 0 0 0 0 0 0 0 0 0 0 0 0 0 0 0 0 0 0 0 0 0 0 0 
CD 18 0 5141 9 25 0 2 0 25 0 0 0 0 0 0 3 0 0 0 0 0 0 0 0 0 0 0 0 0 0 0 0 0 0 0 0 0 0 0 0 0 0 0 0 0 
NNS 43 0 8 7855 25 0 6 0 46 0 0 38 1 0 3 7 1 0 0 0 0 0 0 0 0 0 0 0 0 0 0 0 0 0 10 0 0 0 0 0 0 0 0 0 0 
JJ 119 0 1 8 7390 0 17 1 291 4 0 3 43 0 8 131 65 0 1 0 0 8 0 0 0 0 0 0 0 0 0 1 0 0 0 0 0 0 3 0 0 0 0 0 0 
MD 1 0 0 0 0 1289 0 0 0 3 0 0 0 0 0 0 0 0 0 0 0 0 0 0 0 0 0 0 0 0 0 0 0 0 0 0 0 0 0 0 0 0 0 0 0 
VB 14 0 0 1 18 0 3340 0 45 3 0 1 2 0 21 9 1 0 0 0 1 46 0 0 0 0 0 0 0 0 0 1 0 0 0 0 0 0 0 0 0 0 0 0 0 
DT 6 0 0 0 1 0 0 11149 9 47 0 0 0 2 1 0 4 0 0 0 9 0 0 0 0 0 0 0 0 0 0 0 0 0 0 0 0 0 2 0 0 0 0 0 0 
NN 263 0 18 35 389 3 31 1 17664 1 0 3 84 0 2 8 12 0 11 0 0 10 1 0 0 0 0 0 0 0 0 1 0 0 0 0 0 0 0 0 1 0 0 0 0 
IN 6 0 0 1 10 0 2 17 1 13403 0 0 0 3 0 0 152 0 0 0 24 0 32 0 0 0 0 0 0 0 0 0 0 0 0 0 0 0 0 0 0 0 0 0 0 
. 1 0 0 0 0 0 0 0 0 0 5467 0 0 0 0 0 0 0 0 0 0 0 0 0 0 0 0 0 0 0 0 0 0 0 0 0 0 0 0 0 0 0 0 0 0 
VBZ 13 0 0 58 1 0 0 0 14 1 0 2708 0 0 8 1 0 0 0 0 0 3 0 0 0 8 0 0 0 0 0 0 0 0 0 0 0 0 0 0 0 0 0 0 0 
VBG 11 0 0 3 26 0 10 0 127 0 0 0 1770 0 7 1 0 0 0 0 0 1 0 0 0 0 0 0 0 0 0 0 0 0 0 0 0 0 0 0 0 0 0 0 0 
CC 2 0 0 1 0 0 1 7 2 1 0 0 0 3355 1 0 8 0 0 0 0 0 0 0 0 0 0 0 0 0 0 1 0 0 0 0 0 0 0 0 1 0 0 0 0 
VBD 19 0 0 6 13 1 8 0 13 0 0 3 0 0 4440 101 3 0 0 0 0 14 0 0 0 0 0 0 0 0 0 0 0 0 0 0 0 0 0 0 0 0 0 0 0 
VBN 14 0 0 5 121 0 8 0 37 0 0 0 1 0 143 2491 2 0 0 0 0 3 0 0 0 0 0 0 0 0 0 0 0 0 0 0 0 0 0 0 0 0 0 0 0 
RB 18 0 0 4 89 0 7 15 48 120 0 2 0 3 3 1 3780 0 0 29 0 0 41 0 1 0 0 4 0 0 0 5 0 0 0 0 0 0 0 0 0 1 0 0 0 
TO 0 0 0 0 0 0 0 0 0 0 0 0 0 0 0 0 0 3074 0 0 0 0 0 0 0 0 0 0 0 0 0 0 0 0 0 0 0 0 0 0 0 0 0 0 0 
PRP 6 0 8 0 1 0 2 0 2 0 0 0 0 0 0 0 0 0 2360 0 0 0 0 5 0 2 0 0 0 0 0 0 0 0 0 0 0 0 0 0 0 0 0 0 0 
RBR 0 0 0 0 1 0 1 0 4 0 0 0 0 0 0 0 8 0 0 137 0 0 0 0 0 0 0 0 0 0 0 78 0 0 0 0 0 0 0 0 0 0 0 0 0 
WDT 0 0 0 0 0 0 1 4 0 15 0 0 0 0 0 0 0 0 0 0 523 0 0 0 0 0 0 0 0 2 0 0 0 0 0 0 0 0 0 0 0 0 0 0 0 
VBP 11 0 0 1 8 0 35 0 37 2 0 1 1 0 9 3 3 0 0 0 0 1375 0 0 0 0 0 0 0 0 0 0 0 0 0 0 0 0 0 0 0 0 0 0 0 
RP 0 0 0 0 2 0 0 0 0 53 0 0 0 0 1 0 28 0 0 0 0 0 279 0 0 0 0 0 0 0 0 0 0 0 0 0 0 0 0 0 0 0 0 0 0 
PRP$ 1 0 0 0 0 0 0 0 0 0 0 0 0 0 0 0 0 0 0 0 0 0 0 1183 0 0 0 0 0 0 0 0 0 0 0 0 0 0 0 0 0 0 0 0 0 
JJS 1 0 0 0 5 0 0 0 1 0 0 0 0 0 0 1 0 0 0 0 0 0 0 0 241 0 0 0 0 0 0 0 0 0 0 0 0 0 0 13 0 0 0 0 0 
POS 0 0 0 0 0 0 0 0 0 0 0 4 0 0 0 0 0 0 0 0 0 0 0 0 0 1237 0 0 0 0 0 0 0 0 0 0 0 0 0 0 0 0 0 0 0 
`` 0 0 0 0 0 0 0 0 0 0 0 0 0 0 0 0 0 0 0 0 0 0 0 0 0 0 1022 0 0 0 0 0 0 0 0 0 0 0 0 0 0 0 0 0 0 
EX 0 0 0 0 0 0 0 0 0 0 0 0 0 0 0 0 0 0 0 0 0 0 0 0 0 0 0 118 0 0 0 0 0 0 0 0 0 0 0 0 0 0 0 0 0 
'' 0 0 0 0 0 0 0 0 0 0 0 0 0 0 0 0 0 0 0 0 0 0 0 0 0 1 0 0 990 0 0 0 0 0 0 0 0 0 0 0 0 0 0 0 0 
WP 1 0 0 0 0 0 0 0 0 0 0 0 0 0 0 0 0 0 0 0 1 0 0 0 0 0 0 0 0 317 0 0 0 0 0 0 0 0 0 0 0 0 0 0 0 
: 0 0 0 0 0 0 0 0 0 0 0 0 0 0 0 0 0 0 0 0 0 0 0 0 0 0 0 0 3 0 636 0 0 0 0 0 0 0 0 0 0 0 0 0 0 
JJR 4 0 0 1 7 0 1 0 8 0 0 0 0 0 0 2 3 0 0 48 0 1 0 0 0 0 0 0 0 0 0 370 0 0 0 0 0 0 0 0 0 0 0 0 0 
WRB 1 0 0 0 0 0 0 0 0 0 0 0 0 0 0 0 0 0 0 0 0 0 0 0 0 0 0 0 0 1 0 0 268 0 0 0 0 0 0 0 0 0 0 0 0 
$ 0 0 0 0 0 0 0 0 0 0 0 0 0 0 0 0 0 0 0 0 0 0 0 0 0 0 0 0 0 0 0 0 0 1144 0 0 0 0 0 0 0 0 0 0 0 
NNPS 159 0 0 53 3 0 0 0 4 0 0 1 0 0 0 0 0 0 0 0 0 0 0 0 0 0 0 0 0 0 0 0 0 0 192 0 0 0 0 0 0 0 0 0 0 
WP$ 0 0 0 0 0 0 0 0 0 0 0 0 0 0 0 0 0 0 0 0 0 0 0 0 0 0 0 0 0 0 0 0 0 0 0 16 0 0 0 0 0 0 0 0 0 
-LRB- 0 0 0 0 0 0 0 0 0 0 0 0 0 0 0 0 0 0 0 0 0 0 0 0 0 0 0 0 0 0 0 0 0 0 0 0 181 0 0 0 0 0 0 0 0 
-RRB- 0 0 0 0 0 0 0 0 0 0 0 0 0 0 0 0 0 0 0 0 0 0 0 0 0 0 0 0 0 0 0 0 0 0 0 0 0 181 0 0 0 0 0 0 0 
PDT 0 0 0 0 8 0 0 15 1 0 0 0 0 0 0 0 2 0 0 0 0 0 0 0 0 0 0 0 0 0 0 0 0 0 0 0 0 0 38 0 0 0 0 0 0 
RBS 1 0 0 0 0 0 0 0 0 0 0 0 0 0 0 0 1 0 0 0 0 0 0 0 10 0 0 0 0 0 0 0 0 0 0 0 0 0 0 39 0 0 0 0 0 
FW 0 0 0 0 0 0 0 0 6 5 0 0 0 0 0 0 0 0 0 0 0 0 0 0 0 0 0 0 0 0 0 0 0 0 0 0 0 0 0 0 3 0 0 0 0 
UH 0 0 0 6 0 0 0 1 0 0 0 0 0 0 0 0 3 0 0 0 0 0 0 0 0 0 0 0 0 0 0 0 0 0 0 0 0 0 0 0 0 3 0 0 0 
SYM 0 0 0 0 1 0 0 0 0 0 0 0 0 0 0 0 0 0 0 0 0 0 0 0 0 0 0 0 0 0 0 0 0 0 0 0 0 0 0 0 0 0 3 0 0 
LS 0 0 2 0 0 0 0 0 0 0 0 0 0 0 0 0 0 0 0 0 0 0 0 0 0 0 0 0 0 0 0 0 0 0 0 0 0 0 0 0 0 0 0 0 0 
# 0 0 0 0 0 0 0 0 0 0 0 0 0 0 0 0 0 0 0 0 0 0 0 0 0 0 0 0 0 0 0 0 0 0 0 0 0 0 0 0 0 0 0 0 31 

 Test accuracy=0.964004917734199


