class_num=45 feat_num=44752


Confusion matrix for the test data:
row is the truth, column is the system output

		NNP comma CD NNS JJ MD VB DT NN IN . VBZ VBG CC VBD VBN RB TO PRP RBR WDT VBP RP PRP$ JJS POS `` EX '' WP : JJR WRB $ NNPS WP$ -LRB- -RRB- PDT RBS FW UH SYM LS # 
NNP 12756 0 6 49 104 0 12 7 124 2 0 2 15 0 2 3 3 0 1 0 0 2 0 0 0 0 0 0 0 0 0 0 0 0 95 0 0 0 0 0 0 0 0 0 0 
comma 0 7086 0 0 0 0 0 0 1 0 0 0 0 0 0 0 0 0 0 0 0 0 0 0 0 0 0 0 0 0 0 0 0 0 0 0 0 0 0 0 0 0 0 0 0 
CD 17 0 5143 8 27 0 1 0 24 0 0 0 0 0 0 3 0 0 0 0 0 0 0 0 0 0 0 0 0 0 0 0 0 0 0 0 0 0 0 0 0 0 0 0 0 
NNS 39 0 7 7864 24 0 6 0 46 0 0 35 0 0 3 8 0 0 0 0 0 0 0 0 0 0 0 0 0 0 0 0 0 0 11 0 0 0 0 0 0 0 0 0 0 
JJ 101 0 1 6 7422 0 17 1 286 4 0 1 45 0 8 133 57 0 1 0 0 7 0 0 0 0 0 0 0 0 0 1 0 0 0 0 0 0 3 0 0 0 0 0 0 
MD 0 0 0 0 0 1290 0 0 0 3 0 0 0 0 0 0 0 0 0 0 0 0 0 0 0 0 0 0 0 0 0 0 0 0 0 0 0 0 0 0 0 0 0 0 0 
VB 12 0 0 1 17 0 3346 0 39 3 0 1 2 0 21 10 2 0 0 0 1 47 0 0 0 0 0 0 0 0 0 1 0 0 0 0 0 0 0 0 0 0 0 0 0 
DT 6 0 0 0 1 0 0 11148 9 47 0 0 0 2 1 0 5 0 0 0 9 0 0 0 0 0 0 0 0 0 0 0 0 0 0 0 0 0 2 0 0 0 0 0 0 
NN 247 0 19 36 383 3 31 1 17683 1 0 4 84 0 3 8 13 0 10 0 0 9 1 0 0 0 0 0 0 0 0 1 0 0 0 0 0 0 0 0 1 0 0 0 0 
IN 6 0 0 1 10 0 2 16 1 13412 0 0 0 3 0 0 151 0 0 0 15 0 34 0 0 0 0 0 0 0 0 0 0 0 0 0 0 0 0 0 0 0 0 0 0 
. 2 0 0 0 0 0 0 0 0 0 5466 0 0 0 0 0 0 0 0 0 0 0 0 0 0 0 0 0 0 0 0 0 0 0 0 0 0 0 0 0 0 0 0 0 0 
VBZ 11 0 0 54 1 0 0 0 11 1 0 2718 0 0 7 0 0 0 0 0 0 4 0 0 0 8 0 0 0 0 0 0 0 0 0 0 0 0 0 0 0 0 0 0 0 
VBG 10 0 0 3 26 0 10 0 130 0 0 0 1768 0 6 1 1 0 0 0 0 1 0 0 0 0 0 0 0 0 0 0 0 0 0 0 0 0 0 0 0 0 0 0 0 
CC 3 0 0 1 0 0 1 7 0 1 0 0 0 3355 2 0 8 0 0 0 0 0 0 0 0 0 0 0 0 0 0 1 0 0 0 0 0 0 0 0 1 0 0 0 0 
VBD 17 0 0 5 12 1 9 0 14 0 0 3 0 0 4442 101 3 0 0 0 0 14 0 0 0 0 0 0 0 0 0 0 0 0 0 0 0 0 0 0 0 0 0 0 0 
VBN 12 0 0 4 123 0 8 0 35 0 0 0 1 0 140 2496 3 0 0 0 0 3 0 0 0 0 0 0 0 0 0 0 0 0 0 0 0 0 0 0 0 0 0 0 0 
RB 17 0 0 4 89 0 4 16 44 116 0 2 0 3 1 0 3795 0 0 29 0 0 40 0 1 0 0 4 0 0 0 5 0 0 0 0 0 0 0 0 0 1 0 0 0 
TO 0 0 0 0 0 0 0 0 0 0 0 0 0 0 0 0 0 3074 0 0 0 0 0 0 0 0 0 0 0 0 0 0 0 0 0 0 0 0 0 0 0 0 0 0 0 
PRP 6 0 8 0 1 0 1 0 2 0 0 0 0 0 0 0 0 0 2360 0 0 0 0 5 0 3 0 0 0 0 0 0 0 0 0 0 0 0 0 0 0 0 0 0 0 
RBR 0 0 0 0 0 0 1 0 4 0 0 0 0 0 0 0 10 0 0 145 0 0 0 0 0 0 0 0 0 0 0 69 0 0 0 0 0 0 0 0 0 0 0 0 0 
WDT 0 0 0 0 0 0 1 4 0 10 0 0 0 0 0 0 0 0 0 0 528 0 0 0 0 0 0 0 0 2 0 0 0 0 0 0 0 0 0 0 0 0 0 0 0 
VBP 10 0 0 2 8 0 35 0 33 2 0 1 0 0 10 4 3 0 0 0 0 1378 0 0 0 0 0 0 0 0 0 0 0 0 0 0 0 0 0 0 0 0 0 0 0 
RP 0 0 0 0 2 0 0 0 0 54 0 0 0 0 1 0 27 0 0 0 0 0 279 0 0 0 0 0 0 0 0 0 0 0 0 0 0 0 0 0 0 0 0 0 0 
PRP$ 2 0 0 0 0 0 0 0 0 0 0 0 0 0 0 0 0 0 0 0 0 0 0 1182 0 0 0 0 0 0 0 0 0 0 0 0 0 0 0 0 0 0 0 0 0 
JJS 1 0 0 0 5 0 0 0 1 0 0 0 0 0 0 1 0 0 0 0 0 0 0 0 245 0 0 0 0 0 0 0 0 0 0 0 0 0 0 9 0 0 0 0 0 
POS 0 0 0 0 0 0 0 0 0 0 0 4 0 0 0 0 0 0 0 0 0 0 0 0 0 1237 0 0 0 0 0 0 0 0 0 0 0 0 0 0 0 0 0 0 0 
`` 0 0 0 0 0 0 0 0 0 0 0 0 0 0 0 0 0 0 0 0 0 0 0 0 0 0 1022 0 0 0 0 0 0 0 0 0 0 0 0 0 0 0 0 0 0 
EX 0 0 0 0 0 0 0 0 0 0 0 0 0 0 0 0 0 0 0 0 0 0 0 0 0 0 0 118 0 0 0 0 0 0 0 0 0 0 0 0 0 0 0 0 0 
'' 0 0 0 0 0 0 0 0 0 0 0 0 0 0 0 0 0 0 0 0 0 0 0 0 0 1 0 0 990 0 0 0 0 0 0 0 0 0 0 0 0 0 0 0 0 
WP 0 0 0 0 0 0 0 0 0 0 0 0 0 0 0 0 0 0 0 0 1 0 0 0 0 0 0 0 0 318 0 0 0 0 0 0 0 0 0 0 0 0 0 0 0 
: 0 0 0 0 0 0 0 0 0 0 0 0 0 0 0 0 0 0 0 0 0 0 0 0 0 0 0 0 3 0 636 0 0 0 0 0 0 0 0 0 0 0 0 0 0 
JJR 5 0 0 1 7 0 1 0 6 0 0 0 0 0 0 2 2 0 0 38 0 1 0 0 0 0 0 0 0 0 0 382 0 0 0 0 0 0 0 0 0 0 0 0 0 
WRB 2 0 0 0 0 0 0 0 0 0 0 0 0 0 0 0 0 0 0 0 0 0 0 0 0 0 0 0 0 1 0 0 267 0 0 0 0 0 0 0 0 0 0 0 0 
$ 0 0 0 0 0 0 0 0 0 0 0 0 0 0 0 0 0 0 0 0 0 0 0 0 0 0 0 0 0 0 0 0 0 1144 0 0 0 0 0 0 0 0 0 0 0 
NNPS 162 0 0 52 3 0 0 0 3 0 0 1 0 0 0 0 0 0 0 0 0 0 0 0 0 0 0 0 0 0 0 0 0 0 191 0 0 0 0 0 0 0 0 0 0 
WP$ 0 0 0 0 0 0 0 0 0 0 0 0 0 0 0 0 0 0 0 0 0 0 0 0 0 0 0 0 0 0 0 0 0 0 0 16 0 0 0 0 0 0 0 0 0 
-LRB- 0 0 0 0 0 0 0 0 0 0 0 0 0 0 0 0 0 0 0 0 0 0 0 0 0 0 0 0 0 0 0 0 0 0 0 0 181 0 0 0 0 0 0 0 0 
-RRB- 0 0 0 0 0 0 0 0 0 0 0 0 0 0 0 0 0 0 0 0 0 0 0 0 0 0 0 0 0 0 0 0 0 0 0 0 0 181 0 0 0 0 0 0 0 
PDT 0 0 0 0 8 0 0 15 0 0 0 0 0 0 0 0 2 0 0 0 0 0 0 0 0 0 0 0 0 0 0 0 0 0 0 0 0 0 39 0 0 0 0 0 0 
RBS 0 0 0 0 0 0 0 0 0 0 0 0 0 0 0 0 1 0 0 0 0 0 0 0 10 0 0 0 0 0 0 0 0 0 0 0 0 0 0 40 0 0 0 0 0 
FW 0 0 0 0 0 0 0 0 6 5 0 0 0 0 0 0 0 0 0 0 0 0 0 0 0 0 0 0 0 0 0 0 0 0 0 0 0 0 0 0 3 0 0 0 0 
UH 0 0 0 6 0 0 0 1 0 0 0 0 0 0 0 0 3 0 0 0 0 0 0 0 0 0 0 0 0 0 0 0 0 0 0 0 0 0 0 0 0 3 0 0 0 
SYM 1 0 0 0 1 0 0 0 0 0 0 0 0 0 0 0 0 0 0 0 0 0 0 0 0 0 0 0 0 0 0 0 0 0 0 0 0 0 0 0 0 0 2 0 0 
LS 0 0 2 0 0 0 0 0 0 0 0 0 0 0 0 0 0 0 0 0 0 0 0 0 0 0 0 0 0 0 0 0 0 0 0 0 0 0 0 0 0 0 0 0 0 
# 0 0 0 0 0 0 0 0 0 0 0 0 0 0 0 0 0 0 0 0 0 0 0 0 0 0 0 0 0 0 0 0 0 0 0 0 0 0 0 0 0 0 0 0 31 

 Test accuracy=0.965196405804141


