0 0 0.392902931407579
0 0 0.625789849306388
0 0 0.607884892623614
0 0 3.7241747342929
0 0 3.729983335913
0 0 0.946822889676685
0 0 0.238014347595297
0 0 0.458944802649718
0 0 1.70046364334822
0 0 2.44848037958492
0 0 1.46417645764194
0 0 1.32759528704868
0 0 4.01200043311578
0 0 1.27190115096029
0 0 0.381031088033197
0 0 1.2783816957227
0 0 1.23528338368746
0 0 2.98308124841678
0 1 -0.0115633463225849
0 0 2.86530391219312
0 0 1.46008555238472
0 0 0.168234413964702
0 0 2.74498961026406
0 0 0.798563357286485
0 0 0.492414293738318
0 0 1.04839927910026
0 0 1.66433742903848
0 0 0.240172133331783
0 0 1.57297948830361
0 0 3.51978740763858
0 0 1.2557232648457
0 0 0.769902019368386
0 0 1.20929917409938
0 0 2.25978027059658
0 0 1.79722025568703
0 0 1.25107456257707
0 0 2.49867273574733
0 0 2.1193702258724
0 0 0.259031920320208
0 0 1.13343272889054
0 0 2.20606195359878
0 0 1.44824000466852
0 0 1.22677685557709
0 0 2.20825755269696
0 0 0.395061271900693
0 0 0.76373023122385
0 0 1.28652805919826
0 0 2.31067847046468
0 1 -0.18146214711713
0 0 2.71538075710918
0 0 0.552374078434196
0 0 0.552374078434196
0 0 0.552374078434196
0 0 0.552374078434196
0 0 0.452509034472192
0 0 0.552374078434196
0 0 2.8768570235712
0 0 3.02151264879642
0 0 1.0757685444701
0 0 0.488142308099975
0 0 0.824148806182874
0 0 1.49232765093885
0 0 0.505348529936487
0 0 2.06839293170171
0 0 2.70596670373411
0 0 0.259552764059887
0 0 3.02266648792783
0 0 0.0201414841254641
0 0 0.817947595215228
0 0 1.49538122239895
0 0 2.05716832577305
0 0 1.29666080771689
0 1 -0.071904903808612
0 0 0.163775908034105
0 0 1.10239228409688
0 0 0.803009509788637
0 1 -0.168496311995518
0 0 1.3418502039131
0 0 2.15020679204062
0 0 2.67289783631144
0 0 0.957262929329571
0 0 1.8448056860383
0 0 1.65973669792847
0 0 1.00661491740956
0 0 1.09444897364059
0 0 1.15957663670034
0 0 0.553455718530637
0 0 1.13069466990025
0 0 0.459928322223989
0 0 1.17949596060647
0 0 0.163204178581564
0 0 0.377785083594761
0 0 0.154022798108235
0 0 3.2064587516398
0 0 1.57869884136902
0 0 0.896125198824502
0 0 0.416773738025889
0 0 1.14599574730312
0 0 1.44804126292024
0 0 1.25480332079514
1 0 0.121855825119557
1 1 -1.05626852873432
1 1 -1.80369572888655
1 1 -2.73470867311547
1 1 -0.902961052013919
1 1 -0.575135701219065
1 1 -0.831060873680445
1 1 -2.66284349749905
1 1 -1.79095725534544
1 1 -1.23203086061555
1 1 -2.28036003218643
1 1 -1.07847484947399
1 1 -0.363659553238779
1 1 -0.409874260842352
1 1 -1.42211654886544
1 1 -1.92605627681026
1 1 -1.05419149881592
1 0 0.00249284586392651
1 1 -3.98495658789645
1 1 -1.18840831399748
1 1 -2.29469393009585
1 1 -0.034624589886925
1 1 -1.34580126240852
1 1 -1.2529372672802
1 1 -3.47552901085217
1 1 -1.0064491392916
1 1 -2.90687929237871
1 1 -1.31685572796911
1 1 -2.74526018130155
1 1 -1.29255218659967
1 0 0.0146229768738376
1 1 -0.922916530187729
1 1 -0.625106236260652
1 1 -0.0517484572291935
1 1 -2.14775089952724
1 1 -1.20696014715266
1 1 -3.99079970924041
1 1 -1.42831678401184
1 1 -1.35891232587366
1 1 -1.94533111722967
1 1 -1.37989886868554
1 1 -1.5075921148308
1 1 -1.10719605081423
1 1 -4.12516785827826
1 0 0.216533317240785
1 1 -2.63034392240781
1 1 -1.99377527100366
1 1 -2.22747196904704
1 1 -2.04284460706332
1 0 0.0598629913514394
1 1 -1.75586958780076
1 1 -0.884621442155526
1 1 -0.621521962616549
1 1 -1.40037044081985
1 1 -2.02330453413552
1 1 -2.77473981959955
1 1 -1.31496560581466
1 1 -2.40245846501832
1 1 -3.59120911530144
1 1 -1.84411579806127
1 1 -2.24376730189728
1 1 -0.99120372913068
1 1 -1.96960621259808
1 1 -1.85078657362103
1 1 -1.95064533554511
1 1 -1.71085616885813
1 1 -2.27462518608449
1 1 -0.875488384915833
1 1 -1.59430941025847
1 1 -2.88630896390495
1 1 -3.03566774939354
1 1 -1.10800387311877
1 1 -0.940779333554152
1 1 -1.95763794462331
1 1 -1.24809119006964
1 1 -1.57226206396998
1 1 -0.805720371816691
1 1 -0.517129811632211
1 1 -1.65926127608502
1 1 -1.88765539306945
1 1 -1.1576146018503
1 1 -0.581011494200607
1 1 -1.66882589800722
1 1 -2.50114356816787
1 1 -3.27399582659049
1 1 -1.96143653081549
1 1 -2.3055452314549
1 1 -2.53954098706076
1 1 -1.08990358781256
1 0 0.178922551747029
1 1 -1.16707514332679
1 1 -0.0602763298042441
1 1 -2.83327006822616
1 1 -0.919533586886698
1 1 -0.910162489075844
1 1 -0.659616480811012
1 1 -0.35562357530734
1 1 -0.268265775968381
1 1 -0.888384273971983
1 1 -1.70664790893764
