0 0 0.0111642
0 0 0.0111642
0 0 0.0111641999999993
0 0 0.0111642000083297
0 0 0.0111642
0 0 0.0111642
0 0 0.0111638976939274
0 0 0.0111608908487855
0 0 0.0111642
0 0 0.0111642
0 0 0.0178240428700995
0 0 0.0111642
0 0 0.0111642
0 0 0.0111642091347864
0 0 0.0111642
0 0 0.0111642012355436
0 0 0.0111642
0 0 0.0111642
0 0 0.0111641958203047
0 0 0.0178235113403961
0 0 0.0111642
0 0 0.0111642
0 0 0.0111642
0 0 0.0111642
0 0 0.0111641999999849
0 0 0.0111642
0 0 0.0111642
0 0 0.0111641999952915
0 0 0.0111642
0 0 0.0111642
0 0 0.0111807128918075
0 0 0.0111642
0 0 0.0111642
0 0 0.0111642
0 0 0.0111642
0 0 0.0111642
0 0 0.0111642
0 0 0.0111642
0 0 0.0111641999206579
0 0 0.0111642001723603
0 0 0.0111642
0 0 0.0111642
0 0 0.610974980264405
0 0 0.0111642
0 0 0.0111642
0 0 0.0111642
0 0 0.0111642
0 0 0.0111642
0 0 0.0111116103613332
0 0 0.0111642
0 0 0.0111641999999945
0 0 0.0111641999999945
0 0 0.0111641999999945
0 0 0.0111641999999945
0 0 0.0111641999035026
0 0 0.0111641999999945
0 0 0.0111642
0 0 0.0111642
0 0 0.011164200000001
0 0 0.0111641999999954
0 0 0.0111642
0 0 0.0111642
0 0 0.0111641999840654
0 0 0.0111642
0 0 0.0111642
0 0 0.0111640205543307
0 0 0.0111642
0 0 0.0111642
0 0 0.0111642
0 0 0.0111642
0 0 0.0111642
0 0 0.0111642
0 0 0.0111642
0 0 0.0111642
0 0 0.0111642
0 0 0.0111642
0 0 0.0111642
0 0 0.0111642
0 0 0.0111642
0 0 0.0111642
0 0 0.0111642
0 0 0.0111642
0 0 0.0111642
0 0 0.0111642
0 0 0.0111642
0 0 0.0111642
0 0 0.0111642
0 0 0.0111642
0 0 0.0111642
0 0 0.0111642417410401
0 0 0.0111642
0 0 0.0111641999999961
0 0 0.0111641999999995
0 0 0.0111642
0 0 0.0111642
0 0 0.0111642
0 0 0.0111641999937895
0 0 0.0111642
0 0 0.0111641999999999
0 0 0.0111642
1 0 0.0111641999999998
1 0 0.0111642
1 0 0.0111642
1 0 0.0111642
1 0 0.0111642
1 0 0.0111642
1 0 0.0111642
1 0 0.0111642
1 0 0.0111642
1 0 0.0111642
1 0 0.0111642
1 0 0.0111642
1 0 0.0111641985876976
1 0 0.0111642
1 0 0.0111642
1 0 0.0111642
1 0 0.0111641992417439
1 0 0.0109755220950171
1 0 0.0111642
1 0 0.0111642
1 0 0.0111641999999627
1 0 0.0111641999895274
1 0 0.0111641999910722
1 0 0.0111642
1 0 0.0111642
1 0 0.0111642
1 0 0.0111642
1 0 0.0111642
1 0 0.0111642
1 0 0.0111642
1 0 0.0111641999999971
1 0 0.0111642
1 0 0.0111642
1 0 0.0111642
1 0 0.0111642
1 0 0.0111642
1 0 0.0111642
1 0 0.0111641999990476
1 0 0.0111642
1 0 0.0111642
1 0 0.0111642
1 0 0.0111642
1 0 0.0111642
1 0 0.0111642
1 0 0.0111642
1 0 0.0111642
1 0 0.0111642
1 0 0.0111641999999983
1 0 0.0111642
1 0 0.0111642
1 0 0.0111642
1 0 0.0111642
1 0 0.0111641999999994
1 0 0.0111642
1 0 0.0111642
1 0 0.0111642
1 0 0.0111641979388464
1 0 0.0111641995400945
1 0 0.0111642
1 0 0.0111642
1 0 0.0111642
1 0 0.0111642
1 0 0.0111642
1 0 0.0111642
1 0 0.0111604733468201
1 0 0.0111642
1 0 0.0111642
1 0 0.0111642
1 0 0.0111642
1 0 0.0111642
1 0 0.0111604733468201
1 0 0.0111642
1 0 0.0111641999993086
1 0 0.0111642
1 0 0.0111642
1 0 0.0111642
1 0 0.0111642
1 0 0.0111642
1 0 0.0111642
1 0 0.0111642
1 0 0.0111642
1 0 0.0111642
1 0 0.0111642
1 0 0.0111642
1 0 0.0111642
1 0 0.0111642
1 0 0.0111642
1 0 0.0111642
1 0 0.0111642
1 0 0.0111641251119855
1 0 0.0111642
1 0 0.0111641999999544
1 0 0.0111642
1 0 0.0111642
1 0 0.0111641999999973
1 0 0.0111642
1 0 0.0111641999999496
1 0 0.0111642
1 0 0.0111565271500359
1 0 0.0111642
