0 0 0.301475941894089
0 0 0.782938239264045
0 0 0.461067499439996
0 0 3.31263289370775
0 0 3.16963130325607
0 0 0.738158467789376
0 0 0.0871940661796645
0 0 0.16030028758739
0 0 1.37444139630544
0 0 2.73306683466942
0 0 1.31030055142571
0 0 1.37966790469894
0 0 3.77985394239975
0 0 1.20693107775822
0 0 0.128713528054972
0 0 1.24839231336277
0 0 1.08846559599721
0 0 3.39839976481589
0 0 0.060844523991848
0 0 2.11560879626774
0 0 0.997901525119935
0 0 0.378533944586188
0 0 1.89943889860078
0 0 0.308728598340055
0 0 0.229046577580832
0 0 1.13058191949594
0 0 1.41228225741741
0 0 0.208150307971471
0 0 1.33380165235264
0 0 3.22743783293686
0 0 0.733942349953695
0 0 0.572220923656321
0 0 1.1104267712924
0 0 2.11578445389714
0 0 1.13610998961773
0 0 1.31406019735592
0 0 2.76008773353195
0 0 1.8618988309518
0 0 0.210941010975167
0 0 1.08066268862282
0 0 1.94007014701418
0 0 1.13880287422027
0 0 1.454668230876
0 0 2.34347166584858
0 0 0.227244840399627
0 0 0.645798381486568
0 0 1.20045061802981
0 0 2.50100494818579
0 1 -0.0944762203770843
0 0 2.47479186069806
0 0 0.239082091917152
0 0 0.239082091917152
0 0 0.239082091917152
0 0 0.239082091917152
0 0 0.190381892722102
0 0 0.239082091917152
0 0 2.75243047742377
0 0 3.48746507506453
0 0 0.694620873067744
0 0 0.286597666567728
0 0 0.712450113143594
0 0 1.25714820890397
0 0 0.308296189976056
0 0 1.63202658310444
0 0 2.95885392919096
0 0 0.0539126312286798
0 0 2.94320910281193
0 0 0.093780503467431
0 0 0.544793185023214
0 0 0.851064600307016
0 0 1.54388008088719
0 0 1.09759311617929
0 0 0.037809072638606
0 0 0.317978772377859
0 0 0.661130563989313
0 0 0.705673832190752
0 0 0.185469537988398
0 0 0.950676702227853
0 0 2.11463958444175
0 0 2.38809372488654
0 0 0.559788650035629
0 0 1.33452650878425
0 0 1.09416080049035
0 0 0.803225890347337
0 0 1.21230234337014
0 0 0.709172760027101
0 0 0.619355537816152
0 0 0.932026700816005
0 0 0.117508953266403
0 0 0.900740759792979
0 0 0.076824449088769
0 0 0.333109851460163
0 0 0.0183968123887032
0 0 3.22937581677597
0 0 1.3494473611085
0 0 0.497166724678603
0 0 0.236750004719106
0 0 0.750408591620446
0 0 0.874906886845597
0 0 0.818466113683096
1 0 0.10305929419608
1 1 -0.591802543078954
1 1 -1.72699027054666
1 1 -2.05939274891421
1 1 -0.817486207939408
1 1 -0.336789042661546
1 1 -0.853782516439936
1 1 -2.42462625532714
1 1 -1.08646678862167
1 1 -1.17289338847429
1 1 -1.58115439133755
1 1 -1.03196496142569
1 1 -0.0692940871175578
1 1 -0.389687021686955
1 1 -1.10803619005305
1 1 -1.32585244728173
1 1 -0.857229599083533
1 1 -0.030304919143257
1 1 -2.75376463093942
1 1 -0.994131242694426
1 1 -1.78026112796571
1 0 0.149127742504629
1 1 -0.834911089335019
1 1 -0.861463789320416
1 1 -2.89753830985314
1 1 -1.19969433170231
1 1 -1.96482883991119
1 1 -1.2434865361686
1 1 -3.14549262868296
1 1 -0.971314850562021
1 0 0.249771955813175
1 1 -0.692367012187354
1 1 -0.373206410096976
1 0 0.285101257500932
1 1 -1.3470648774011
1 1 -1.17356237626685
1 1 -3.53675439397577
1 1 -0.815894128755887
1 1 -1.24588593397549
1 1 -1.96687956041029
1 1 -1.72714420711411
1 1 -1.38911973250587
1 1 -1.27196294032145
1 1 -4.16718411493053
1 0 0.248280704757094
1 1 -2.25376795771736
1 1 -1.53230878375222
1 1 -1.8647073924084
1 1 -2.2022913549467
1 0 0.0140192517304989
1 1 -1.50928377941436
1 1 -0.92299902060418
1 1 -0.26387662622506
1 1 -1.65213259891065
1 1 -1.61539930831928
1 1 -2.22348200806012
1 1 -1.13139128997235
1 1 -2.00883547417847
1 1 -3.27143990735998
1 1 -1.40769868407917
1 1 -2.45990335781144
1 1 -0.523714808263201
1 1 -1.50744513713387
1 1 -1.52411016632415
1 1 -2.00441185467114
1 1 -1.26299218925222
1 1 -2.08117640264169
1 1 -0.880389546904949
1 1 -1.00522081549301
1 1 -1.67303363874095
1 1 -2.51992057893122
1 1 -0.57733384441498
1 1 -1.09527742352448
1 1 -2.27982337254934
1 1 -1.15255568227075
1 1 -0.973301745091463
1 1 -0.36407236813541
1 1 -0.985327100838526
1 1 -1.3833843795384
1 1 -1.4968988537436
1 1 -0.837554346691288
1 1 -0.151258374161742
1 1 -1.03172129670115
1 1 -2.15779972127901
1 1 -2.486963654684
1 1 -1.98216649070849
1 1 -2.18214687704282
1 1 -1.87691673505467
1 1 -0.561067885786965
1 1 -0.00630493048601213
1 1 -0.731866854832352
1 1 -0.161117405154864
1 1 -2.0907332383521
1 1 -0.355857928223298
1 1 -0.496694755349175
1 1 -0.456694227885905
1 1 -0.122998197048031
1 1 -0.12789182848992
1 1 -0.500937775577577
1 1 -1.48277559283156
