0 1 -2.97885564206612
0 1 -0.129426586558671
0 1 -1.9947053764529
0 0 2.69949247959247
0 0 1.9796870313551
0 1 -0.348676612652923
0 1 -26.2462256980327
0 1 -16.5129349563883
0 0 0.243800863593106
0 0 1.91505564952093
0 1 -0.497806330383687
0 0 0.914655930114435
0 0 1.73606111601943
0 1 -0.153265747431269
0 1 -3.63375574213094
0 0 0.719116741854209
0 1 -0.519898162252526
0 0 0.466745817674196
0 1 -11.3361774389704
0 0 1.33220023845667
0 1 -0.825318210024352
0 1 -0.207033659801189
0 0 0.310753657750421
0 1 -1.14598618427921
0 1 -1.68635621763779
0 1 -0.325953865847612
0 0 0.0737689814815901
0 1 -2.95002418462089
0 1 -0.557772765030614
0 0 0.757985129555852
0 0 0.576164779552155
0 1 -0.933407261776494
0 0 1.67326100149372
0 0 0.404399095271764
0 0 1.3542065521369
0 0 1.21121723528046
0 0 1.15824089339886
0 0 1.30177199214837
0 1 -0.250709511874137
0 1 -3.60696897722904
0 0 2.54908995003805
0 0 1.52206040414053
0 0 1.73911815804621
0 0 1.95992030233608
0 1 -0.0292213625531406
0 1 -0.620897327717304
0 0 0.565685445143587
0 0 1.04936492048999
0 1 -29.6842029704487
0 0 1.13817725532707
0 1 -0.533110102899227
0 1 -0.533110102899227
0 1 -0.533110102899227
0 1 -0.533110102899227
0 1 -3.75730053468553
0 1 -0.533110102899227
0 0 2.67045536321666
0 0 2.52811899851698
0 0 0.334237159820155
0 1 -4.91541579863958
0 1 -0.110544959925358
0 0 1.72751035994902
0 1 -5.46007858823911
0 0 0.750454875949403
0 0 2.6082862622793
0 1 -29.4070366014083
0 0 2.27025340025491
0 1 -0.936427961320553
0 1 -2.13082273884386
0 1 -0.714256564439471
0 0 0.54929423428573
0 1 -1.16462351683459
0 1 -2.84999955958572
0 1 -0.214926332868983
0 0 0.461357263109421
0 1 -0.199660446097095
0 0 0.528159140921731
0 0 0.413286611550206
0 0 1.74578196579209
0 0 2.49669078444939
0 1 -0.579954580707521
0 0 0.720331050339767
0 1 -0.0919109229298858
0 1 -0.572089574324997
0 0 0.392022287159433
0 1 -2.04029302394884
0 1 -0.539232032735228
0 0 0.40806611269556
0 1 -0.133863080883927
0 1 -5.96719526357978
0 1 -1.64910757733374
0 1 -0.828364861885519
0 1 -1.02138234320489
0 0 2.52122399643838
0 0 0.452045220895463
0 1 -0.133794965438222
0 1 -4.19932090520873
0 0 1.1508217618803
0 1 -0.187714002833179
0 1 -0.240180519897079
1 1 -6.62615814866361
1 1 -0.0410590208640271
1 0 1.13547384156994
1 1 -0.692025205388752
1 0 1.43159026481334
1 0 0.64752242387946
1 0 1.71173979415011
1 0 1.47140085298008
1 1 -0.739299969261312
1 0 1.36641720490283
1 0 0.882268806246915
1 0 2.03443118676202
1 1 -22.6822126118975
1 1 -0.936898084044854
1 0 0.034169891268768
1 0 1.08204144603322
1 1 -1.11772566631656
1 1 -34.3594316732802
1 0 1.39364568513175
1 0 1.22104296751272
1 0 1.22682444815277
1 1 -4.88359041922321
1 1 -6.59927536551193
1 1 -0.105944619589287
1 0 1.61849223235309
1 0 1.45024049352695
1 0 1.01596306457939
1 0 2.46578626393067
1 0 2.41574585422199
1 1 -3.54278113339459
1 1 -3.28019914714557
1 0 1.12042796772847
1 1 -1.36005285223009
1 0 0.576607934418177
1 1 -0.299092206361453
1 1 -1.68992459485975
1 0 1.61041747876991
1 1 -1.94380469235099
1 0 1.61828120969581
1 0 1.96156892726673
1 0 2.45933120366721
1 0 1.63248995753923
1 0 1.36302190186377
1 0 1.78152615229983
1 0 0.457211995462791
1 0 0.613173942915383
1 0 0.995153307848478
1 0 0.906828203624724
1 1 -0.0481110387443091
1 0 1.03564746579165
1 0 1.03244867485533
1 1 -0.274175865930112
1 1 -2.34849624422155
1 0 1.96457100578296
1 0 0.998651966603748
1 0 0.827077372217841
1 0 1.04399055495005
1 0 1.15061079062507
1 0 1.97673505949541
1 0 0.313863040116113
1 0 2.07411106031417
1 0 0.976511492972911
1 0 0.720831977167574
1 0 0.806722413634345
1 0 1.9232597854401
1 0 0.388411689653496
1 0 2.21112215999606
1 1 -0.780136478486616
1 1 -0.523523194790121
1 1 -1.3614716005302
1 1 -0.058584773710785
1 0 1.41570477050115
1 0 0.265446482726244
1 0 2.17155560376734
1 0 0.854422161825597
1 1 -0.811246738270512
1 0 1.43618393239553
1 0 2.47439945087188
1 0 0.274324166528279
1 0 0.15223263065816
1 0 0.571817202295243
1 1 -0.640701295244601
1 1 -2.08790795756654
1 0 0.647597163727453
1 0 1.26153999218592
1 0 1.65362263177863
1 0 2.66205091707927
1 1 -0.302675205051456
1 1 -3.58412261019486
1 1 -7.7607179759831
1 1 -3.01071833261736
1 1 -3.84317745895455
1 0 0.833726669792711
1 0 0.416825248216921
1 1 -3.4421780684066
1 0 1.25246295812854
1 1 -2.4122426756387
1 0 1.02505678238309
1 1 -27.9599171835183
1 1 -0.10564226434232
