0 0 0.297073729251605
0 0 1.0032639035017
0 0 0.370915336664899
0 0 3.51240569150859
0 0 3.12540404462771
0 0 0.71571727246587
0 1 -0.342752962126924
0 1 -0.325620276666825
0 0 1.17660721386015
0 0 3.00726225512614
0 0 1.40856598743664
0 0 1.58963887955978
0 0 3.9898208554998
0 0 1.49334870108467
0 1 -0.0226514883404174
0 0 1.24439860636009
0 0 0.94955602322
0 0 3.66459171586498
0 1 -0.254227432530321
0 0 1.92806424383277
0 0 0.748210518422283
0 0 0.482957570713694
0 0 1.90046903096683
0 0 0.292108142971608
0 0 0.337126278590762
0 0 1.04554921449614
0 0 1.35552991426604
0 0 0.0367085245475157
0 0 1.14567450903202
0 0 3.10034842790693
0 0 0.772709771815852
0 0 0.577214101394175
0 0 1.31257111589072
0 0 2.23294707006495
0 0 1.54967226293646
0 0 1.6506734903896
0 0 3.36582750435921
0 0 2.08553439368444
0 0 0.250128685607354
0 0 1.21535966025117
0 0 2.2686386586205
0 0 1.46496366700848
0 0 1.38185050776316
0 0 2.3201157660543
0 0 0.289561952848122
0 0 0.603280165194139
0 0 1.2376892081519
0 0 2.96068668843446
0 1 -0.369352894136252
0 0 2.38821157672787
0 0 0.220029732536237
0 0 0.220029732536237
0 0 0.220029732536237
0 0 0.220029732536237
0 1 -0.0312416231843314
0 0 0.220029732536237
0 0 3.25787315318764
0 0 4.04302988064291
0 0 0.857515952694161
0 0 0.146951183061629
0 0 0.839665768466017
0 0 1.39962288176702
0 1 -0.0388194294900094
0 0 1.82734080199446
0 0 3.11614961441079
0 1 -0.416003297153075
0 0 3.34656139100511
0 0 0.159489066925285
0 0 0.249443739965498
0 0 1.04702103821511
0 0 1.96596276180915
0 0 1.18647808372214
0 1 -0.074108031450541
0 0 0.440522656189878
0 0 0.825308346838204
0 0 0.710966634767059
0 0 0.319610070850674
0 0 1.13498766043363
0 0 2.50094642002902
0 0 2.41027551742026
0 0 0.689270472730254
0 0 1.67811643751263
0 0 1.17978019595959
0 0 0.764458987682409
0 0 1.17417726407361
0 0 0.639529195072634
0 0 0.644631273694764
0 0 1.27050613732552
0 0 0.226438602662739
0 0 0.98165303109332
0 1 -0.0164699117856035
0 0 0.417382716293415
0 0 0.0568158290763078
0 0 3.56811457684562
0 0 1.52821470244303
0 0 0.557094467419263
0 0 0.0563046555136788
0 0 1.07416979679706
0 0 0.924057283601415
0 0 0.926182450203661
1 1 -0.0699031253418739
1 1 -0.530956295906449
1 1 -1.5319030593548
1 1 -2.0168584481385
1 1 -0.623339582908754
1 1 -0.540651924085521
1 1 -0.552656252122442
1 1 -2.3089176006696
1 1 -0.827149793846376
1 1 -1.35999107096762
1 1 -1.18879657479559
1 1 -0.680517096573859
1 1 -0.524080529682844
1 1 -0.313444171615934
1 1 -1.08863426942909
1 1 -1.15289743523371
1 1 -0.485235451424057
1 1 -0.504638610148844
1 1 -2.5619344551929
1 1 -0.806657846802381
1 1 -1.55424238420167
1 1 -0.0511878407635451
1 1 -0.872877890540218
1 1 -0.815553897156746
1 1 -3.26894896305477
1 1 -0.939344175510534
1 1 -1.80736447769096
1 1 -1.39972652527484
1 1 -3.71367936967937
1 1 -0.873802937720331
1 0 0.1303666233677
1 1 -0.42144625555838
1 1 -0.279984277930797
1 0 0.541759764073241
1 1 -1.18894622976493
1 1 -1.45717167794263
1 1 -4.14991179902173
1 1 -0.591040287986846
1 1 -1.17557730079962
1 1 -1.4773733096794
1 1 -2.25107474137451
1 1 -1.70767183708812
1 1 -1.43456865896212
1 1 -4.44318064164375
1 0 0.219269895455784
1 1 -2.05999303096913
1 1 -1.4220471988791
1 1 -2.2348432678194
1 1 -2.20893746795592
1 0 0.138968705989216
1 1 -1.26877728579931
1 1 -0.708512566361006
1 1 -0.0443421778026399
1 1 -1.63446490125939
1 1 -1.40072595536697
1 1 -2.11497728025886
1 1 -1.06465966162775
1 1 -1.93152188935353
1 1 -3.62323180184414
1 1 -1.23893891310313
1 1 -2.4127714970372
1 1 -0.837740030751313
1 1 -1.3592164290009
1 1 -1.08006473162478
1 1 -2.3372379699407
1 1 -1.24745599895412
1 1 -2.02592398591674
1 1 -0.953424890934228
1 1 -0.808719180982057
1 1 -1.52692643220972
1 1 -2.28739461478502
1 1 -0.467941823435404
1 1 -0.727928476953947
1 1 -2.95223247333781
1 1 -0.620311461090668
1 1 -0.661353955081255
1 1 -0.652693486561855
1 1 -1.75359780387813
1 1 -1.26605399573667
1 1 -1.2701231875854
1 1 -1.04160880316756
1 1 -0.0429721366675235
1 1 -0.854513361073969
1 1 -1.77301336164522
1 1 -1.76895978839297
1 1 -2.14857830069847
1 1 -2.65394155636507
1 1 -2.069490455929
1 1 -0.299049013405523
1 1 -0.23393519747087
1 1 -0.455375813481044
1 1 -0.364041974756172
1 1 -2.1252686670595
1 1 -0.34480046285134
1 1 -0.355895926236886
1 0 0.0104459027123148
1 1 -0.150787190153926
1 0 0.0316918762384339
1 1 -0.652301285177578
1 1 -1.47196429583685
